200.0,0.709
201.0,0.708
202.0,0.706
203.0,0.705
204.0,0.704
205.0,0.702
206.0,0.700
207.0,0.699
208.0,0.696
209.0,0.694
210.0,0.691
211.0,0.688
212.0,0.685
213.0,0.681
214.0,0.677
215.0,0.673
216.0,0.669
217.0,0.666
218.0,0.662
219.0,0.659
220.0,0.655
221.0,0.651
222.0,0.648
223.0,0.645
224.0,0.641
225.0,0.638
226.0,0.635
227.0,0.632
228.0,0.629
229.0,0.626
230.0,0.624
231.0,0.621
232.0,0.618
233.0,0.615
234.0,0.613
235.0,0.610
236.0,0.607
237.0,0.604
238.0,0.602
239.0,0.599
240.0,0.597
241.0,0.594
242.0,0.591
243.0,0.588
244.0,0.586
245.0,0.583
246.0,0.580
247.0,0.577
248.0,0.574
249.0,0.571
250.0,0.568
251.0,0.565
252.0,0.561
253.0,0.558
254.0,0.555
255.0,0.552
256.0,0.548
257.0,0.545
258.0,0.541
259.0,0.538
260.0,0.534
261.0,0.530
262.0,0.526
263.0,0.522
264.0,0.517
265.0,0.513
266.0,0.509
267.0,0.504
268.0,0.499
269.0,0.495
270.0,0.490
271.0,0.485
272.0,0.479
273.0,0.474
274.0,0.469
275.0,0.464
276.0,0.458
277.0,0.452
278.0,0.447
279.0,0.441
280.0,0.435
281.0,0.429
282.0,0.423
283.0,0.417
284.0,0.411
285.0,0.404
286.0,0.397
287.0,0.390
288.0,0.383
289.0,0.376
290.0,0.368
291.0,0.361
292.0,0.353
293.0,0.344
294.0,0.335
295.0,0.327
296.0,0.318
297.0,0.308
298.0,0.299
299.0,0.289
300.0,0.279
301.0,0.269
302.0,0.259
303.0,0.249
304.0,0.239
305.0,0.230
306.0,0.221
307.0,0.212
308.0,0.203
309.0,0.195
310.0,0.188
311.0,0.181
312.0,0.174
313.0,0.168
314.0,0.163
315.0,0.158
316.0,0.154
317.0,0.150
318.0,0.148
319.0,0.145
320.0,0.143
321.0,0.142
322.0,0.142
323.0,0.142
324.0,0.143
325.0,0.144
326.0,0.146
327.0,0.148
328.0,0.152
329.0,0.156
330.0,0.161
331.0,0.167
332.0,0.174
333.0,0.184
334.0,0.194
335.0,0.206
336.0,0.219
337.0,0.234
338.0,0.250
339.0,0.268
340.0,0.289
341.0,0.310
342.0,0.334
343.0,0.359
344.0,0.384
345.0,0.410
346.0,0.437
347.0,0.463
348.0,0.491
349.0,0.519
350.0,0.545
351.0,0.572
352.0,0.599
353.0,0.625
354.0,0.652
355.0,0.680
356.0,0.708
357.0,0.736
358.0,0.764
359.0,0.792
360.0,0.820
361.0,0.849
362.0,0.877
363.0,0.908
364.0,0.938
365.0,0.967
366.0,0.997
367.0,1.027
368.0,1.058
369.0,1.088
370.0,1.119
371.0,1.149
372.0,1.180
373.0,1.214
374.0,1.245
375.0,1.277
376.0,1.308
377.0,1.338
378.0,1.370
379.0,1.403
380.0,1.435
381.0,1.467
382.0,1.499
383.0,1.531
384.0,1.561
385.0,1.590
386.0,1.620
387.0,1.649
388.0,1.676
389.0,1.702
390.0,1.727
391.0,1.751
392.0,1.773
393.0,1.795
394.0,1.816
395.0,1.836
396.0,1.853
397.0,1.871
398.0,1.887
399.0,1.901
400.0,1.915
401.0,1.927
402.0,1.937
403.0,1.946
404.0,1.952
405.0,1.957
406.0,1.960
407.0,1.961
408.0,1.959
409.0,1.956
410.0,1.950
411.0,1.942
412.0,1.931
413.0,1.919
414.0,1.904
415.0,1.886
416.0,1.866
417.0,1.845
418.0,1.822
419.0,1.795
420.0,1.769
421.0,1.739
422.0,1.709
423.0,1.677
424.0,1.644
425.0,1.607
426.0,1.569
427.0,1.531
428.0,1.490
429.0,1.449
430.0,1.408
431.0,1.366
432.0,1.325
433.0,1.283
434.0,1.240
435.0,1.198
436.0,1.157
437.0,1.116
438.0,1.078
439.0,1.040
440.0,1.002
441.0,0.966
442.0,0.931
443.0,0.896
444.0,0.864
445.0,0.832
446.0,0.800
447.0,0.771
448.0,0.742
449.0,0.714
450.0,0.687
451.0,0.661
452.0,0.637
453.0,0.613
454.0,0.590
455.0,0.569
456.0,0.548
457.0,0.528
458.0,0.510
459.0,0.492
460.0,0.475
461.0,0.459
462.0,0.443
463.0,0.429
464.0,0.416
465.0,0.402
466.0,0.390
467.0,0.379
468.0,0.368
469.0,0.357
470.0,0.347
471.0,0.337
472.0,0.328
473.0,0.319
474.0,0.310
475.0,0.301
476.0,0.293
477.0,0.286
478.0,0.279
479.0,0.272
480.0,0.265
481.0,0.258
482.0,0.252
483.0,0.247
484.0,0.241
485.0,0.236
486.0,0.231
487.0,0.226
488.0,0.222
489.0,0.217
490.0,0.213
491.0,0.209
492.0,0.205
493.0,0.201
494.0,0.198
495.0,0.194
496.0,0.191
497.0,0.188
498.0,0.184
499.0,0.181
500.0,0.178
501.0,0.175
502.0,0.173
503.0,0.170
504.0,0.167
505.0,0.165
506.0,0.162
507.0,0.160
508.0,0.158
509.0,0.155
510.0,0.153
511.0,0.151
512.0,0.149
513.0,0.147
514.0,0.145
515.0,0.143
516.0,0.142
517.0,0.140
518.0,0.138
519.0,0.136
520.0,0.135
521.0,0.133
522.0,0.131
523.0,0.130
524.0,0.128
525.0,0.126
526.0,0.125
527.0,0.124
528.0,0.122
529.0,0.121
530.0,0.119
531.0,0.118
532.0,0.116
533.0,0.115
534.0,0.114
535.0,0.112
536.0,0.111
537.0,0.110
538.0,0.108
539.0,0.107
540.0,0.106
541.0,0.105
542.0,0.103
543.0,0.102
544.0,0.101
545.0,0.100
546.0,0.099
547.0,0.097
548.0,0.096
549.0,0.095
550.0,0.094
551.0,0.093
552.0,0.092
553.0,0.090
554.0,0.089
555.0,0.088
556.0,0.087
557.0,0.086
558.0,0.085
559.0,0.084
560.0,0.083
561.0,0.082
562.0,0.081
563.0,0.080
564.0,0.079
565.0,0.078
566.0,0.077
567.0,0.076
568.0,0.075
569.0,0.074
570.0,0.073
571.0,0.072
572.0,0.071
573.0,0.071
574.0,0.070
575.0,0.069
576.0,0.068
577.0,0.067
578.0,0.067
579.0,0.066
580.0,0.065
581.0,0.064
582.0,0.064
583.0,0.063
584.0,0.062
585.0,0.061
586.0,0.061
587.0,0.060
588.0,0.059
589.0,0.059
590.0,0.058
591.0,0.058
592.0,0.057
593.0,0.056
594.0,0.056
595.0,0.055
596.0,0.055
597.0,0.054
598.0,0.053
599.0,0.053
600.0,0.052
601.0,0.052
602.0,0.051
603.0,0.051
604.0,0.050
605.0,0.050
606.0,0.050
607.0,0.049
608.0,0.049
609.0,0.048
610.0,0.048
611.0,0.047
612.0,0.047
613.0,0.047
614.0,0.046
615.0,0.046
616.0,0.045
617.0,0.045
618.0,0.045
619.0,0.044
620.0,0.044
621.0,0.044
622.0,0.043
623.0,0.043
624.0,0.043
625.0,0.042
626.0,0.042
627.0,0.042
628.0,0.041
629.0,0.041
630.0,0.041
631.0,0.041
632.0,0.040
633.0,0.040
634.0,0.040
635.0,0.039
636.0,0.039
637.0,0.039
638.0,0.039
639.0,0.038
640.0,0.038
641.0,0.038
642.0,0.038
643.0,0.037
644.0,0.037
645.0,0.037
646.0,0.037
647.0,0.037
648.0,0.036
649.0,0.036
650.0,0.036
651.0,0.036
652.0,0.035
653.0,0.035
654.0,0.035
655.0,0.035
656.0,0.035
657.0,0.035
658.0,0.034
659.0,0.034
660.0,0.034
661.0,0.034
662.0,0.034
663.0,0.034
664.0,0.033
665.0,0.033
666.0,0.033
667.0,0.033
668.0,0.033
669.0,0.033
670.0,0.032
671.0,0.032
672.0,0.032
673.0,0.032
674.0,0.032
675.0,0.032
676.0,0.032
677.0,0.031
678.0,0.031
679.0,0.031
680.0,0.031
681.0,0.031
682.0,0.031
683.0,0.031
684.0,0.031
685.0,0.030
686.0,0.030
687.0,0.030
688.0,0.030
689.0,0.030
690.0,0.030
691.0,0.030
692.0,0.030
693.0,0.030
694.0,0.029
695.0,0.029
696.0,0.029
697.0,0.029
698.0,0.029
699.0,0.029
700.0,0.029
701.0,0.029
702.0,0.028
703.0,0.028
704.0,0.028
705.0,0.028
706.0,0.028
707.0,0.028
708.0,0.028
709.0,0.028
710.0,0.028
711.0,0.028
712.0,0.028
713.0,0.028
714.0,0.028
715.0,0.027
716.0,0.027
717.0,0.027
718.0,0.027
719.0,0.027
720.0,0.027
721.0,0.027
722.0,0.027
723.0,0.027
724.0,0.027
725.0,0.027
726.0,0.026
727.0,0.026
728.0,0.026
729.0,0.026
730.0,0.026
731.0,0.026
732.0,0.026
733.0,0.026
734.0,0.026
735.0,0.026
736.0,0.026
737.0,0.026
738.0,0.026
739.0,0.025
740.0,0.026
741.0,0.025
742.0,0.025
743.0,0.025
744.0,0.025
745.0,0.025
746.0,0.025
747.0,0.025
748.0,0.025
749.0,0.025
750.0,0.025
751.0,0.025
752.0,0.024
753.0,0.024
754.0,0.024
755.0,0.024
756.0,0.024
757.0,0.024
758.0,0.024
759.0,0.024
760.0,0.024
761.0,0.024
762.0,0.024
763.0,0.024
764.0,0.024
765.0,0.024
766.0,0.024
767.0,0.024
768.0,0.024
769.0,0.023
770.0,0.023
771.0,0.023
772.0,0.023
773.0,0.023
774.0,0.023
775.0,0.023
776.0,0.023
777.0,0.023
778.0,0.023
779.0,0.023
780.0,0.023
781.0,0.023
782.0,0.023
783.0,0.023
784.0,0.023
785.0,0.023
786.0,0.022
787.0,0.022
788.0,0.022
789.0,0.022
790.0,0.022
791.0,0.022
792.0,0.022
793.0,0.022
794.0,0.022
795.0,0.022
796.0,0.022
797.0,0.022
798.0,0.022
799.0,0.022
800.0,0.022
